0.9414034194372358 0.9414034194372358 0.952020782698473 0.9414034194372358 0.9414034194372358 
0.9959646345900501 0.9959646345900501 0.9953642594357444 0.9959646345900501 0.9959646345900501 
0.8461534085100737 0.848761660753698 0.8354464335554382 0.8461534085100737 0.8461534085100737 
0.0020710519633469807 0.0020710519633469807 0.0021377388973141623 0.0020710519633469807 0.0020710519633469807 
0.9425092327630689 0.9425092327630689 0.9577812204979764 0.9425092327630689 0.9425092327630689 
0.9916769286607063 0.9916769286607063 0.9985097429451684 0.9943622120513009 0.9943622120513009 
0.8901271602624122 0.8901271602624122 0.8503618487837952 0.8901271602624122 0.8901271602624122 
0.043300026829184254 0.043300026829184254 0.043300026829184254 0.043300026829184254 0.043300026829184254 
0.9205309500959756 0.9205309500959756 0.9560229929419889 0.925061620780332 0.925061620780332 
0.9968519845323546 0.9964815824138736 0.9952290371532524 0.9968519845323546 0.9968519845323546 
0.8893183383589717 0.892606288280004 0.8508062652500538 0.8893183383589717 0.892606288280004 
0.0020710519633469807 0.0020710519633469807 0.0021377388973141623 0.0020710519633469807 0.0020710519633469807 
0.9338751612829229 0.9338751612829229 0.9525587124578975 0.9338751612829229 0.9338751612829229 
0.9939423834613392 0.9939423834613392 0.9987044936173798 0.9939423834613392 0.9939423834613392 
0.9115897162007728 0.9102833483118009 0.8346775695762009 0.8195785732292851 0.9115897162007728 
0.043300026829184254 0.043300026829184254 0.043300026829184254 0.043300026829184254 0.043300026829184254 

34457600.0 38601600.0 35404800.0 34320000.0 35472000.0 
5247812.5 9391812.5 6195012.5 5110212.5 6262212.5 
17584384.0 21728384.0 18531584.0 17446784.0 18598784.0 
3099252736.0 3103396736.0 3100199936.0 3099115136.0 3100267136.0 
37324800.0 74620800.0 45849600.0 36086400.0 46454400.0 
8115012.5 45411012.5 16639812.5 6876612.5 17244612.5 
20451584.0 57747584.0 28976384.0 19213184.0 29581184.0 
3102119936.0 3139415936.0 3110644736.0 3100881536.0 3111249536.0 
37296128.0 41440128.0 38243328.0 37158528.0 38310528.0 
8086340.5 12230340.5 9033540.5 7948740.5 9100740.5 
20422912.0 24566912.0 21370112.0 20285312.0 21437312.0 
3102091264.0 3106235264.0 3103038464.0 3101953664.0 3103105664.0 
40163328.0 77459328.0 48688128.0 38924928.0 49292928.0 
10953540.5 48249540.5 19478340.5 9715140.5 20083140.5 
23290112.0 60586112.0 31814912.0 22051712.0 32419712.0 
3104958464.0 3142254464.0 3113483264.0 3103720064.0 3114088064.0 

823571.4550971985 905689.8567914963 828064.2551898956 820909.0550422668 823405.0550937653 
230297.4707221985 312415.8724164963 234790.27081489563 227635.07066726685 230131.07071876526 
510950.6113471985 593069.0130414963 515443.41143989563 508288.21129226685 510784.21134376526 
20840849.4550972 20922967.856791496 20845342.255189896 20838187.055042267 20840683.055093765 
830493.6950683594 995079.9358919263 851759.6154212952 825102.3350402713 847566.335503757 
237219.71069335938 401805.9515169263 258485.63104629517 231828.35066527128 254292.351128757 
517872.8513183594 682459.0921419263 539138.7716712952 512481.4912902713 534945.491753757 
20847771.69506836 21012357.935891926 20869037.615421295 20842380.33504027 20864844.335503757 
950573.3423042297 1032691.7439985275 955066.1423969269 947910.9422492981 950406.9423007965 
357299.35792922974 439417.7596235275 361792.1580219269 354636.9578742981 357132.9579257965 
637952.4985542297 720070.9002485275 642445.2986469269 635290.0984992981 637786.0985507965 
20967851.34230423 21049969.743998528 20972344.142396927 20965188.942249298 20967684.942300797 
957495.5822753906 1122081.8230989575 978761.5026283264 952104.2222473025 974568.2227107882 
364221.5979003906 528807.8387239575 385487.5182533264 358830.23787230253 381294.23833578825 
644874.7385253906 809460.9793489575 666140.6588783264 639483.3784973025 661947.3789607882 
20974773.58227539 21139359.823098958 20996039.502628326 20969382.222247303 20991846.22271079 
