0.006312219505484815 0.08837107307678738 0.012371950230750235 0.023792211982211993 0.023792211982211993 
0.022776968964401074 0.15943878275080753 0.044642859170226104 0.08585165225043481 0.08585165225043481 
0.010204081632653059 0.07142857142857144 0.02 0.038461538461538464 0.038461538461538464 
0.0008518308215615286 0.006814646572492229 0.0017036616431230576 0.0034073232862461143 0.0034073232862461143 
0.0488366456476983 0.3092987557687559 0.08435420611875157 0.1325566096151811 0.1325566096151811 
0.17622181251405042 0.5580357396278264 0.3043831307060871 0.4783163482524226 0.4783163482524226 
0.0789473684210526 0.25 0.13636363636363635 0.2142857142857143 0.2142857142857143 
0.007666477394053759 0.06133181915243007 0.01533295478810752 0.030665909576215025 0.030665909576215025 
0.006420738817174576 0.09751421030861811 0.012795833906771487 0.025411025993196716 0.025411025993196716 
0.022954968476363552 0.16858984617312575 0.04533183096476145 0.08843644737955843 0.08843644737955843 
0.01035673187414062 0.07964601760575667 0.02059496566881487 0.04072398187604487 0.04072398187604487 
0.0008518308215615286 0.006814646572492229 0.0017036616431230576 0.0034073232862461143 0.0034073232862461143 
0.05618336611350097 0.6122715464361912 0.10896559119044309 0.20549146066472432 0.20549146066472432 
0.1874687623170887 0.8673862853580165 0.33957139626602934 0.571356031189919 0.571356031189919 
0.08910891077422871 0.5294117605809934 0.16981132033033358 0.3103448261687361 0.3103448261687361 
0.007666477394053759 0.06133181915243007 0.01533295478810752 0.030665909576215025 0.030665909576215025 

34457600.0 38601600.0 35174400.0 34675200.0 35596800.0 
5247812.5 9391812.5 5964612.5 5465412.5 6387012.5 
17584384.0 21728384.0 18301184.0 17801984.0 18723584.0 
3099252736.0 3103396736.0 3099969536.0 3099470336.0 3100391936.0 
37324800.0 74620800.0 43776000.0 39283200.0 47577600.0 
8115012.5 45411012.5 14566212.5 10073412.5 18367812.5 
20451584.0 57747584.0 26902784.0 22409984.0 30704384.0 
3102119936.0 3139415936.0 3108571136.0 3104078336.0 3112372736.0 
37296128.0 41440128.0 38012928.0 37513728.0 38435328.0 
8086340.5 12230340.5 8803140.5 8303940.5 9225540.5 
20422912.0 24566912.0 21139712.0 20640512.0 21562112.0 
3102091264.0 3106235264.0 3102808064.0 3102308864.0 3103230464.0 
40163328.0 77459328.0 46614528.0 42121728.0 50416128.0 
10953540.5 48249540.5 17404740.5 12911940.5 21206340.5 
23290112.0 60586112.0 29741312.0 25248512.0 33542912.0 
3104958464.0 3142254464.0 3111409664.0 3106916864.0 3115211264.0 

823571.4550971985 905689.8567914963 827565.055179596 821907.4550628662 823904.2551040649 
230297.4707221985 312415.8724164963 234291.07080459595 228633.4706878662 230630.27072906494 
510950.6113471985 593069.0130414963 514944.21142959595 509286.6113128662 511283.41135406494 
20840849.4550972 20922967.856791496 20844843.055179596 20839185.455062866 20841182.255104065 
830493.6950683594 995079.9358919263 847266.815328598 832290.8151805401 850262.0155513287 
237219.71069335938 401805.9515169263 253992.83095359802 239016.83080554008 256988.03117632866 
517872.8513183594 682459.0921419263 534645.971578598 519669.9714305401 537641.1718013287 
20847771.69506836 21012357.935891926 20864544.815328598 20849568.81518054 20867540.01555133 
950573.3423042297 1032691.7439985275 954566.9423866272 948909.3422698975 950906.1423110962 
357299.35792922974 439417.7596235275 361292.9580116272 355635.35789489746 357632.1579360962 
637952.4985542297 720070.9002485275 641946.0986366272 636288.4985198975 638285.2985610962 
20967851.34230423 21049969.743998528 20971844.942386627 20966187.342269897 20968184.142311096 
957495.5822753906 1122081.8230989575 974268.7025356293 959292.7023875713 977263.9027583599 
364221.5979003906 528807.8387239575 380994.7181606293 366018.71801257133 383989.9183833599 
644874.7385253906 809460.9793489575 661647.8587856293 646671.8586375713 664643.0590083599 
20974773.58227539 21139359.823098958 20991546.70253563 20976570.70238757 20994541.90275836 
